Recorded latencies [in usec] for Create+Close of a DatagramSocket:
       Value     Percentile TotalCount 1/(1-Percentile)

       7.995 0.000000000000          1           1.00
       8.215 0.100000000000     144624           1.11
       8.295 0.200000000000     283016           1.25
       8.399 0.300000000000     413840           1.43
       8.519 0.400000000000     553526           1.67
       8.631 0.500000000000     687968           2.00
       8.703 0.550000000000     755961           2.22
       8.791 0.600000000000     823023           2.50
       8.919 0.650000000000     891510           2.86
       9.135 0.700000000000     959091           3.33
       9.607 0.750000000000    1028053           4.00
      10.543 0.775000000000    1061891           4.44
      11.199 0.800000000000    1096440           5.00
      11.599 0.825000000000    1130743           5.71
      11.975 0.850000000000    1164700           6.67
      12.367 0.875000000000    1199076           8.00
      12.591 0.887500000000    1216161           8.89
      12.847 0.900000000000    1232986          10.00
      13.167 0.912500000000    1250439          11.43
      13.583 0.925000000000    1267350          13.33
      14.239 0.937500000000    1284344          16.00
      14.831 0.943750000000    1292946          17.78
      15.639 0.950000000000    1301515          20.00
      16.655 0.956250000000    1310065          22.86
      18.079 0.962500000000    1318644          26.67
      20.687 0.968750000000    1327155          32.00
      21.679 0.971875000000    1331490          35.56
      22.255 0.975000000000    1335807          40.00
      23.055 0.978125000000    1340014          45.71
      24.479 0.981250000000    1344275          53.33
      25.631 0.984375000000    1348549          64.00
      25.903 0.985937500000    1350710          71.11
      26.239 0.987500000000    1352842          80.00
      26.911 0.989062500000    1354976          91.43
      28.191 0.990625000000    1357099         106.67
      29.551 0.992187500000    1359255         128.00
      30.335 0.992968750000    1360319         142.22
      31.631 0.993750000000    1361379         160.00
      33.279 0.994531250000    1362462         182.86
      35.167 0.995312500000    1363519         213.33
      38.207 0.996093750000    1364587         256.00
      39.967 0.996484375000    1365131         284.44
      41.983 0.996875000000    1365658         320.00
      44.575 0.997265625000    1366194         365.71
      48.735 0.997656250000    1366733         426.67
      54.111 0.998046875000    1367265         512.00
      58.751 0.998242187500    1367530         568.89
      65.087 0.998437500000    1367798         640.00
      73.983 0.998632812500    1368066         731.43
      90.239 0.998828125000    1368333         853.33
     125.567 0.999023437500    1368601        1024.00
     232.959 0.999121093750    1368734        1137.78
     515.583 0.999218750000    1368868        1280.00
     558.591 0.999316406250    1369002        1462.86
     619.007 0.999414062500    1369136        1706.67
     723.455 0.999511718750    1369272        2048.00
     780.799 0.999560546875    1369336        2275.56
     821.247 0.999609375000    1369403        2560.00
     868.351 0.999658203125    1369470        2925.71
     949.247 0.999707031250    1369537        3413.33
    1046.015 0.999755859375    1369604        4096.00
    1078.271 0.999780273438    1369637        4551.11
    1117.183 0.999804687500    1369671        5120.00
    1174.527 0.999829101563    1369704        5851.43
    1268.735 0.999853515625    1369738        6826.67
    1327.103 0.999877929688    1369771        8192.00
    1399.807 0.999890136719    1369788        9102.22
    1469.439 0.999902343750    1369805       10240.00
    1522.687 0.999914550781    1369821       11702.86
    1613.823 0.999926757813    1369838       13653.33
    1707.007 0.999938964844    1369856       16384.00
    1785.855 0.999945068359    1369863       18204.44
    1838.079 0.999951171875    1369872       20480.00
    1866.751 0.999957275391    1369880       23405.71
    1932.287 0.999963378906    1369888       27306.67
    2099.199 0.999969482422    1369897       32768.00
    2172.927 0.999972534180    1369901       36408.89
    2215.935 0.999975585938    1369905       40960.00
    2246.655 0.999978637695    1369909       46811.43
    2338.815 0.999981689453    1369913       54613.33
    2351.103 0.999984741211    1369918       65536.00
    2486.271 0.999986267090    1369920       72817.78
    2564.095 0.999987792969    1369922       81920.00
    2615.295 0.999989318848    1369924       93622.86
    3012.607 0.999990844727    1369926      109226.67
    3371.007 0.999992370605    1369928      131072.00
    3790.847 0.999993133545    1369929      145635.56
    4542.463 0.999993896484    1369930      163840.00
    4571.135 0.999994659424    1369931      187245.71
    5230.591 0.999995422363    1369932      218453.33
    5865.471 0.999996185303    1369933      262144.00
    5967.871 0.999996566772    1369934      291271.11
    5967.871 0.999996948242    1369934      327680.00
    8544.255 0.999997329712    1369935      374491.43
    8544.255 0.999997711182    1369935      436906.67
    8937.471 0.999998092651    1369936      524288.00
    8937.471 0.999998283386    1369936      582542.22
    8937.471 0.999998474121    1369936      655360.00
    9068.543 0.999998664856    1369937      748982.86
    9068.543 0.999998855591    1369937      873813.33
    9068.543 0.999999046326    1369937     1048576.00
    9068.543 0.999999141693    1369937     1165084.44
    9068.543 0.999999237061    1369937     1310720.00
    9682.943 0.999999332428    1369938     1497965.71
    9682.943 1.000000000000    1369938
#[Mean    =       10.839, StdDeviation   =       34.759]
#[Max     =     9682.943, Total count    =      1369938]
#[Buckets =           32, SubBuckets     =         2048]


