Recorded latencies [in usec] for Create+Close of a DatagramSocket:
       Value     Percentile TotalCount 1/(1-Percentile)

       8.067 0.000000000000          1           1.00
       8.327 0.100000000000     145013           1.11
       8.415 0.200000000000     288124           1.25
       8.519 0.300000000000     417180           1.43
       8.639 0.400000000000     559645           1.67
       8.751 0.500000000000     697951           2.00
       8.815 0.550000000000     763533           2.22
       8.895 0.600000000000     831031           2.50
       9.007 0.650000000000     904347           2.86
       9.159 0.700000000000     970615           3.33
       9.431 0.750000000000    1039640           4.00
       9.727 0.775000000000    1073669           4.44
      10.615 0.800000000000    1107795           5.00
      11.279 0.825000000000    1142692           5.71
      11.663 0.850000000000    1176939           6.67
      12.063 0.875000000000    1211577           8.00
      12.295 0.887500000000    1229416           8.89
      12.543 0.900000000000    1246402          10.00
      12.831 0.912500000000    1263532          11.43
      13.199 0.925000000000    1280803          13.33
      13.727 0.937500000000    1298193          16.00
      14.135 0.943750000000    1306856          17.78
      14.807 0.950000000000    1315423          20.00
      15.719 0.956250000000    1324052          22.86
      16.911 0.962500000000    1332755          26.67
      19.103 0.968750000000    1341371          32.00
      21.375 0.971875000000    1345690          35.56
      22.127 0.975000000000    1350090          40.00
      22.511 0.978125000000    1354333          45.71
      23.327 0.981250000000    1358675          53.33
      24.751 0.984375000000    1363045          64.00
      25.327 0.985937500000    1365192          71.11
      25.823 0.987500000000    1367357          80.00
      26.111 0.989062500000    1369537          91.43
      26.559 0.990625000000    1371673         106.67
      27.343 0.992187500000    1373810         128.00
      28.127 0.992968750000    1374890         142.22
      28.975 0.993750000000    1375991         160.00
      29.711 0.994531250000    1377068         182.86
      30.719 0.995312500000    1378148         213.33
      32.639 0.996093750000    1379216         256.00
      33.983 0.996484375000    1379758         284.44
      35.551 0.996875000000    1380304         320.00
      37.535 0.997265625000    1380841         365.71
      39.999 0.997656250000    1381378         426.67
      42.239 0.998046875000    1381922         512.00
      43.647 0.998242187500    1382191         568.89
      45.631 0.998437500000    1382460         640.00
      49.471 0.998632812500    1382730         731.43
      55.935 0.998828125000    1383000         853.33
      77.183 0.999023437500    1383269        1024.00
     131.455 0.999121093750    1383405        1137.78
     510.463 0.999218750000    1383540        1280.00
     556.031 0.999316406250    1383675        1462.86
     608.255 0.999414062500    1383810        1706.67
     722.943 0.999511718750    1383946        2048.00
     780.287 0.999560546875    1384015        2275.56
     818.687 0.999609375000    1384081        2560.00
     868.351 0.999658203125    1384148        2925.71
     973.823 0.999707031250    1384216        3413.33
    1043.455 0.999755859375    1384283        4096.00
    1087.487 0.999780273438    1384319        4551.11
    1145.855 0.999804687500    1384351        5120.00
    1221.631 0.999829101563    1384385        5851.43
    1297.407 0.999853515625    1384422        6826.67
    1358.847 0.999877929688    1384452        8192.00
    1404.927 0.999890136719    1384469        9102.22
    1458.175 0.999902343750    1384486       10240.00
    1538.047 0.999914550781    1384503       11702.86
    1616.895 0.999926757813    1384520       13653.33
    1681.407 0.999938964844    1384537       16384.00
    1723.391 0.999945068359    1384545       18204.44
    1782.783 0.999951171875    1384554       20480.00
    1847.295 0.999957275391    1384562       23405.71
    1891.327 0.999963378906    1384571       27306.67
    2047.999 0.999969482422    1384579       32768.00
    2121.727 0.999972534180    1384583       36408.89
    2183.167 0.999975585938    1384588       40960.00
    2260.991 0.999978637695    1384592       46811.43
    2379.775 0.999981689453    1384596       54613.33
    2492.415 0.999984741211    1384600       65536.00
    2574.335 0.999986267090    1384602       72817.78
    2660.351 0.999987792969    1384605       81920.00
    2813.951 0.999989318848    1384607       93622.86
    2994.175 0.999990844727    1384609      109226.67
    3434.495 0.999992370605    1384611      131072.00
    3504.127 0.999993133545    1384612      145635.56
    3581.951 0.999993896484    1384613      163840.00
    3635.199 0.999994659424    1384614      187245.71
    5603.327 0.999995422363    1384615      218453.33
    5681.151 0.999996185303    1384616      262144.00
    5750.783 0.999996566772    1384617      291271.11
    5750.783 0.999996948242    1384617      327680.00
    6193.151 0.999997329712    1384618      374491.43
    6193.151 0.999997711182    1384618      436906.67
    8675.327 0.999998092651    1384619      524288.00
    8675.327 0.999998283386    1384619      582542.22
    8675.327 0.999998474121    1384619      655360.00
    8683.519 0.999998664856    1384620      748982.86
    8683.519 0.999998855591    1384620      873813.33
    8683.519 0.999999046326    1384620     1048576.00
    8683.519 0.999999141693    1384620     1165084.44
    8683.519 0.999999237061    1384620     1310720.00
    9371.647 0.999999332428    1384621     1497965.71
    9371.647 1.000000000000    1384621
#[Mean    =       10.727, StdDeviation   =       33.986]
#[Max     =     9371.647, Total count    =      1384621]
#[Buckets =           32, SubBuckets     =         2048]
